Method: Weighted_FedAvg
Loss: 0.06727960705757141
Accuracy: 0.9817000031471252

              precision    recall  f1-score   support

           0       0.98      0.99      0.99       980
           1       0.98      1.00      0.99      1135
           2       0.98      0.99      0.98      1032
           3       1.00      0.96      0.98      1010
           4       0.98      0.98      0.98       982
           5       0.96      0.99      0.97       892
           6       0.99      0.98      0.99       958
           7       0.98      0.98      0.98      1028
           8       0.99      0.97      0.98       974
           9       0.97      0.97      0.97      1009

    accuracy                           0.98     10000
   macro avg       0.98      0.98      0.98     10000
weighted avg       0.98      0.98      0.98     10000
